desired poses:
[[-9.99656185e-01,  2.62113099e-02, -6.91728166e-04, 5.45480762e-01],
 [ 2.62113252e-02,  9.99656424e-01, -1.29782254e-05, -1.55912289e-01],
 [ 6.91150329e-04, -3.11048752e-05, -9.99999761e-01, 1.52224913e-02],
[ 0.00000000e+00,  0.00000000e+00,  0.00000000e+00, 1.00000000e+00]]), 

array([[-9.99656185e-01,  2.62113099e-02, -6.91728166e-04,
         4.67394909e-01],
       [ 2.62113252e-02,  9.99656424e-01, -1.29782254e-05,
        -1.32787351e-01],
       [ 6.91150329e-04, -3.11048752e-05, -9.99999761e-01,
         1.37134239e-02],
       [ 0.00000000e+00,  0.00000000e+00,  0.00000000e+00,
         1.00000000e+00]]), 
array([[-9.99656185e-01,  2.62113099e-02, -6.91728166e-04,
         4.44924677e-01],
       [ 2.62113252e-02,  9.99656424e-01, -1.29782254e-05,
        -2.11013586e-01],
       [ 6.91150329e-04, -3.11048752e-05, -9.99999761e-01,
         1.52224913e-02],
       [ 0.00000000e+00,  0.00000000e+00,  0.00000000e+00,
         1.00000000e+00]]), 
array([[-9.99656185e-01,  2.62113099e-02, -6.91728166e-04,
         4.10391632e-01],
       [ 2.62113252e-02,  9.99656424e-01, -1.29782254e-05,
        -6.83220471e-02],
       [ 6.91150329e-04, -3.11048752e-05, -9.99999761e-01,
         1.20791957e-02],
       [ 0.00000000e+00,  0.00000000e+00,  0.00000000e+00,
         1.00000000e+00]])]

[array([[-4.01313208e-02,  9.99194412e-01, -5.88166071e-05,
         5.20682506e-01],
       [ 9.99194175e-01,  4.01313519e-02,  6.89345267e-04,
         1.80434786e-01],
       [ 6.91150329e-04, -3.11048752e-05, -9.99999761e-01,
         1.90353417e-02],
       [ 0.00000000e+00,  0.00000000e+00,  0.00000000e+00,
         1.00000000e+00]]), array([[-4.01313208e-02,  9.99194412e-01, -5.88166071e-05,
         3.84626651e-01],
       [ 9.99194175e-01,  4.01313519e-02,  6.89345267e-04,
         1.14340251e-01],
       [ 6.91150329e-04, -3.11048752e-05, -9.99999761e-01,
         2.00791580e-02],
       [ 0.00000000e+00,  0.00000000e+00,  0.00000000e+00,
         1.00000000e+00]]), array([[-4.01313208e-02,  9.99194412e-01, -5.88166071e-05,
         4.64387659e-01],
       [ 9.99194175e-01,  4.01313519e-02,  6.89345267e-04,
         1.01604863e-01],
       [ 6.91150329e-04, -3.11048752e-05, -9.99999761e-01,
         1.90353417e-02],
       [ 0.00000000e+00,  0.00000000e+00,  0.00000000e+00,
         1.00000000e+00]]), array([[-4.01313208e-02,  9.99194412e-01, -5.88166071e-05,
         4.47602167e-01],
       [ 9.99194175e-01,  4.01313519e-02,  6.89345267e-04,
         2.57105579e-02],
       [ 6.91150329e-04, -3.11048752e-05, -9.99999761e-01,
         2.00791580e-02],
       [ 0.00000000e+00,  0.00000000e+00,  0.00000000e+00,
         1.00000000e+00]])]