[array([[ 0.07571758, -0.99470805, -0.06944601,  0.545646  ],
       [-0.99271819, -0.08174335,  0.08847948,  0.09633658],
       [-0.093688  ,  0.06224087, -0.99365418,  0.01355255],
       [ 0.        ,  0.        ,  0.        ,  1.        ]]), 

array([[ 0.07571758, -0.99470805, -0.06944601,  0.464555  ],
       [-0.99271819, -0.08174335,  0.08847948,  0.10965148],
       [-0.093688  ,  0.06224087, -0.99365418,  0.02040558],
       [ 0.        ,  0.        ,  0.        ,  1.        ]]), 

array([[ 0.07571758, -0.99470805, -0.06944601,  0.45071825],
       [-0.99271819, -0.08174335,  0.08847948,  0.02859916],
       [-0.093688  ,  0.06224087, -0.99365418,  0.01415536],
       [ 0.        ,  0.        ,  0.        ,  1.        ]]), 

array([[ 0.07571758, -0.99470805, -0.06944601,  0.40032946],
       [-0.99271819, -0.08174335,  0.08847948,  0.16430997],
       [-0.093688  ,  0.06224087, -0.99365418,  0.02976131],
       [ 0.        ,  0.        ,  0.        ,  1.        ]])]


[array([[ 0.02869397,  0.99369384, -0.10839381,  0.36407929],
       [ 0.9905597 , -0.04280878, -0.13022628, -0.12768729],
       [-0.13404525, -0.10363383, -0.98554142,  0.00863466],
       [ 0.        ,  0.        ,  0.        ,  1.        ]]),

array([[ 0.02869397,  0.99369384, -0.10839381,  0.42140541],
       [ 0.9905597 , -0.04280878, -0.13022628, -0.20950059],
       [-0.13404525, -0.10363383, -0.98554142,  0.01314025],
       [ 0.        ,  0.        ,  0.        ,  1.        ]]), 

array([[ 0.02869397,  0.99369384, -0.10839381,  0.46517032],
       [ 0.9905597 , -0.04280878, -0.13022628, -0.07253458],
       [-0.13404525, -0.10363383, -0.98554142, -0.00977144],
       [ 0.        ,  0.        ,  0.        ,  1.        ]]), 

array([[ 0.02869397,  0.99369384, -0.10839381,  0.52077479],
       [ 0.9905597 , -0.04280878, -0.13022628, -0.21378147],
       [-0.13404525, -0.10363383, -0.98554142,  0.00277687],
       [ 0.        ,  0.        ,  0.        ,  1.        ]])]